11 13 12 1 16 38 39 29 41
5 19 4 2 20 5 3 2 32 36 38 34 36 43 9 38 35 36 38 35 34 43 38 36 9 16 36 38 43 38 9 1 5 4 5 20 3 2 3 5 2 5 10 4 19 6 21 19 20 19 18
3 22 27 3 20 29 42 39 38 43 35 29 7 29 41 39 7 11 12 1 3 19
4
19 30 31 6
19 3 22 3 20
35 43 38 10 36 34 36 38 36 35 38 11 12 3 36 35 19 26 19 22 19 3 2
29 30 42 31 34 36
6 3 9 43 36
3 19 3 2 5 2
3 22 27 3 14 3 2 19 3 5 2 11 38 43 35 38 43 11 9 13 9 40
4
33 2 19 21 17 20 33 3 28 3 19 10 5 10 5 33 4 18 19 4 3 33 15 3 2 5 3 19 7 29 36 38 11 10 15 33 3 24 5 14
2 4
5 3 14 27 22 19 3
7 29 10 29 30 32 29 32 30 42 39 42 29 10 2 14 19 2 33 3 4 32 31 30 32 42 30 29 30 10 38 36
4 2 6 1 15 14 10 29 35 29 7 12 8 32 29 42 7 30 11 8 38 35 36 35 31 2 8 28 3 2 5 4 5 3
3 2 5 18 2 15 3 2 8 2 21 32 36 7 9 42 29 4 3 11 12 19 5 4 20 10 7 30 32 8 25 24 2 12 14 2 12 22 19
33 3 20 3 7 19 12 3 18 19 2 18 23 18 19 22 3 14 5 3 20 2 14 2 14
18
29 42 41 40 42
32 29 4 5 3 2 28 26 20 3 14 2 8 36 35 43 13 18 3 2
33 3 4 2 19 18 3 4 3 2 5 19 5 10 29 31 32 21 22 20 3 2 8 11 3 20 33 2 12 19 15 33 4 3 19 15 2 30 11 32 2 33 3 19 12 22 3 15 19 3 33 14 2 18 20 19 3 2 19 5 3 5 3 19 4
30 7 13 36 32 29
14 20 28 22 3 23 10 5 2 3 2 11 38 40 38 36 29 35 43 40 43 38 10 3 5 2 4 18 12 3 35 36 19 4 13 9 41 29 32 3 22 20 4 5 3 20 3 5 25 24 19 3 15 20 4 19 4 2
6
4 19 17
38 11 2 18 22 26 28 5 4 5 3 33 3 19 5 19 21 11 36 11 16 7 36 41 29 4 19 33 5 27 5 14 1 9 16 19 17 2 19 22 26 3 14 2 5 27 14 24 25 24 3 4 2 3 1 4 3 5 8 36 35 43 40 42 20 22 12 2 3 18 14 3 14 2 3 4 10 5 19 5 2 19 6 21 6 21 6 3 15 5 2 10 3 5 3 4 6 3 2 20 4 19
31 2 20 3 9 13
2 5
3 5 33 5 1 3 15 3 5 27 14 3 19 35 37 14 2 15 33 3 4 6 5 2 3 16 38 39 42 29 39 9
19 12 3 6 3 33 5 14 20 19 12 3 12 10 5 2 5
14 20 3 5 27 3 18 2 3 20 3 1 10 11 32
43 9 43 38 43 36 35 19 20 3 2 19 3 2 5 10 19 2 18 2 18 3 22 3 10 3 34
14 2 15 20 3 4 20 4 33 2 19 35 36 38 11 14 1 3 5
5 3 15 3 2 19 2 5 3 19 26 28 3 19 33 4 5 19 18 19 20 3 2 19 3 5 3
39 9 38 9 36 38 43 38 34 38 29
18 5 3 19 2 5 8 2 5 15 2 3 18 3 8 43 35 38 13 7 29 30
4 2 5 3 18 19 2 3 28 20 3 33 3 19 2 28 22 21 6 4 19 26 20
18 19 2 18 5 19 3 4 33 3 24 3 2 12 2 27 3 20 14 18
2 31 36 43
18 3 20 2 19 30 7 39 42 9 35 19 2 22 5 2 33 2 3 14 19 10 9 36 43 13 35 13 36 38 36 38 43 38 29 31 30 31 36 34 43 13 1 5 19 5 18 3 5 2 27 22 28
2 11 43 38 36 38 43 36 10 3 15 5 18 25 18
12 18 5 2 3 5 18 2 8 32 9 7 29 35 31 30 31 30 31 29 28 2 19 15 2
15 3 15 2 14 12 1 10 3 2 3 24 3 22 20
5 2 24 19 21 22 19 3 32 3 19 3 5 15 33 3 20 3
3 19 5 3 7 29 10 4 20 3 4 3 22 3 14 26 22 2 3 4 5 18 5 2 5 10 19
15
19 15 1 8 5 3 19 3 5 3 18 3 2 3 6 3 22 19 4 14 12
5 10 23 19 5 23 18 4 19 3 2 31 29
10 12 2 19 5 3 2 3 15 20 19 3 15 3 18 19 36 34 36 38 12 3 2 3 20 3 19 22 19 18 2 32 36 43 11 16 36 7 31 32 4 5 33 4 33 3 5 10 29 30 31 30 29 30 19 3 19 3 5 2 5 19 18 3 5 4
4 2 3 2 15 2 3 2 14 26 22 3 18 5 2 24 18 5 3 10 8 5 4 3 8 2 5 19 17 21 19 17 3 4 3 1 9 11 38 43 16
20 3 33 3 2 20 4 20 17 19 14 2 33 3 5 2 22 19 14 28 3 14 3 12 1 2 3 10 16 3 12 38 43 11 10 30 32 35 32 31 43 34 11
22 3 2 5 19 23 18 5 18 4 3 18 3 33 5 2 15
9 38 36 16 43 38 9 7 24 3 8 25 24 7 41 30 9 43 9 16 11 7 28 8 25 18 5 2 3 2 5 3 19 3 18 2 18 19
3 20 5 10 14 3
2 4 5 20 18 13 38 35 36 38 35 10 12 1 3 18 3 28 13
33 3 2 18 3 22 2 5 30 32 31 42 20 4 33 3 5 3 15 2 8 25 8 11 16 3 14 2 4 2 3 20 22 20 5 19 36 35
2 20 33 15 33
19 3 5 33 5 3 28 3 2 3 4 3 14 2
2 33 5 18 5 2 28 10 19 4 2 3 33 15 3 22 3 5 12 18 3 2 5 2 3 2 5 2 15 2 18 3 2 31 35 43 9
5 12 2 5 18
28 5
4 5 18 19 2
27 3 5 2 3 33 3 19 2 3 22 14
2 22 3 5
8 3 2 15 20 22 3 9 30 2 14 8 32 31 9
18 2 3 22 3 24 2 18 19 18 19 21 19 22 14 3 14 22 20 3 34 43 11 9 38 39 42 29 36 29 5 25 8 32 31 35 43 13 28 2 12 2 17 3 2 3 5 33 5 4 6 19 6 5 19 3 14 27 26 20 22 8 32 21 11 38 19 2 12 9 35 10 28 22 3 4 19 31 30 32 3
3 24 3 20 3 2 18 2 18 23 18 17 20 3 2 12 2
3 19 5 18 8 3 5 2 5 14 3 5 2 3 15 33 3 19 6 3 5 4 14 24 14 4 5 2 3 4 3 33 3 33 5 19 22 18 19 2 18 2 24 3 33 15
11 9 38 11 32 11 43 38 40 41 7 36 43 9 11 2 3 18 23 3 2 19 4 19 14 18 19 4 5 11 3 6 2 20 22 3 12 11 35 36 7 37 35 38 12 2 10 3 4 20 14 5 18
3
4 5 30 7 43 7 10 28 5 33 5 23 18 19 25 11 9 28 20 5 3 22
20 19 35 43
6 19 6 4 18 19 5 10 5 3 5 2 3 2 33 4 19 22 2 19 3 14 33 5 19 4 5 15 5 4 3 2 12 18 5 3 33 2 3 20 19 3 16 43 35 36 35 36 43 16 43 11 7 11 43 11 3 22 19 33 3 11 37 29 36 32 11 1
3 19 4 5 19 18 5 2 5 3 15 5 3 2 14
18 5 3 19 18 3
20 42 39 40 42 29 7 41 38 16 13 36 16 9 11 43 9 35 29 36 35 36 35 31 2 3 14 3 8 32 25 11 3 5 33
3 2 3 20 3 28 22 26 14 5 8 14 12 19 30 7 32 31 35 37 7 36 31 35 29 5 10 19 33 15 2 3 19 6 5 33 5 33 3 18 2 17
3 22 2 4 19
3
5 33 3 4 19 2 30 31 35 43 16 9 16 9 38 43 16 8 2 20
30 29 41 38 16
5 4 6 2 27 33 3 6 19 2 10 28 16 38 11 38 36 38 7 29 7 29 41 30 5 18 5 35 36 35 32 8 11 21 3 19 20 5 14 10 4 33 4 5 4 10 28 3 36 43 11 43 39 41 38 11 2 15 2 19 3 5
2 1 9 38 9
28 3 33 15 2 3 14 20 18 25
12 1 2 31 7 28 22 20 42 39 9 16
19 2 5 3 2 18 19 6 5 2 22 10 5 18 3 26 19 6 31 30 32 25 8 35 38 43 38 35 36 7 29 42 9 16 38 11 12 7 10 8 7 8 32 7 11 25 18 25 19 12 2 31 6 19 14
3 14 11 16 9 8 3 27 5 3 33 15 3 8 35 38 43 36 35 43 35 36 11 37 11 16
2 33 2 20 4 1 4 17 21 6 2 14 2 5 3 27 26 14 18 14 5 4 3 22 2 18 3 2 4 19 21 3 5 19 18 19 3 9 35 38 43 11 14 4 17
33 4 3 2 19 4 19 2 3 15 5 20 19 32 8 28 10 32
3 4 5
1 6 3 14 33 5 15 19 20 29 36 35 36 38 40 38 35 34 36 43 36 35 11 12 3 2 31 29 35 29 42 29 41 31 36 13 1 4 5 8 19 25 18 19 6 19 5 2 3 18 2 19 3 2 5 22 14 4 6 1 3 19 3 20 18 2 5 18 19 18 2 5 2 3
19 35 43 38 11 3 2 14 2 14 5 3 2 33 2 5 3
18
14 19 4 13 9 16 35 38 7 30 7 42 39 36 29 38 36 35 38 40 42 40 39 41 30 29 41 9
8 2 3 33 22 20 3 5 2 12 2 3 2 29 36 11 21 3 15 22 28 22 2 5 10
14 22 26 3 5 2 5 14 11 34 11 34 3 5 1 12 14 5 2 1 6 2 19 4 5 2 5 3 4 15 22 19 5 6 5
28 10 11
5 3 18 2 6 31 35 36 29 28 14 3 5 2 12 7 30 31 35 19 5 2 22 3
3 2 3 2 14 4 33 19 3 5 18 23 18 5 20 29 10 8 3 5 2 8 7 12 9 38 36 35 11 43 9 3 18 19 5 12 10 19 5 10 5 3 12 19 26 20 42 32 2 11 7 39 38 35
34 36 29 42 20 5 3 5 2 10 36 29 36 29 10 3 20 3 23 18 5 19 3 2 20 26 14 8 3
14 2
24 2 11 35 37 35
4 19 4 5 4 3 22 3 33 15 2 3 19 5 3 14 3 5 10 5 33 19 4 19
33 4 17 21 17 21 19 3 5
3 2 5 3 5 19
33 4 3 5 10 2 5 33
2 3 20 4 5 33 2 3 17 20 4 5 10 2 3 14 2
2 3 8 5 33 3 2 3 4 3 2 19 3 12 1 3 5 19 2 3 5 3 2 5 3 2 17 19 22 20 17 3 5 2 14 19 5 2 5 3
19 18 22 19
19 2 3 2 12 7 38 7 10 20
8 5 3 2 3 15 33 19 33 20 33 5
14 3 8 7 36 35 34 11 38 35 36 38 29 35 36 31 36 19 25 5 14 1 3 2 14 24 14 4 19 4 19 18 19
3 12 2 4
28 26 14 28 8 2 5 19 3 24 14 4 19 3 19 5 33 4 33 19 18 19 5 4 33 4 5 33 4 17 18 4
5 32 30 32 19
3 2
10 3 36 34 35 34 43 35 16 35 11 14 19 22 19 14 22 3 8 32 29 35 38 39 42 29 42
16 10 2 24 25 19 5 35 31 35 38 16 3 15 33 19 3 4 3 9 30 42 40 38 36 41 32 36 35 34 36 38 8 18 3 2 10 3 2 19 33 3 19 16 43 36 38 8 12 33 3 28 2
22 28 29 5 1 7 43 36 35 9 39 41 42 40 42 29 7 29 20 22 8 43 36
15 3 2 19 5 14 2 32 11 35 36
2 3 15 5 29 35 36 35
15 2
5 4 5 3 2 22 20 3 14 22 3 15 5 3 24 2 33 4 5 10 19 20 3 5 3 2 5 3 4 3 14 3 20 33 5 20 26 20 17 19 3 20 29 31 9 30 32 31 41 32 11 3 19 18 19
2 19 18 2 3 6 4 19 18 14 4 3 5 20
22 21 3 5 24 19 22 3 2 3 5 15 33 15 5 20 26 3 10 2 3 10 36 11 38 35 4 33 3 19 3 2 18 3 6 19 22 19 3 34 43 9 34 35 36 35 36 38 43 13 35 36 35 38 43 9 13 11 37 14 5 3 20 42 7 11 40 43 35 34 36 35 13 4 3 2 3 5 3 19 17 2 1 2 19 5 2 19 3 5 25
5 8 32 11 34 43 16 12 19 14
22 2 5 3 18 2 3 2 22 19 2 3
5 2 3 19 5 3 2 5 2 33 5 20 5 33 2 3 19 31 6
22 18 19 18 19 18 19 22 23 19 24 25 8 14 5 14 19 4 3 2 27 5 3 2 5
3 22
5 10 4 5 8 10 3 20 28 20 2 33 22 15 5 19 14 2 3 22 2
19 3 5 1 7 10 3 19 5 19 4 19 18 19 6 19 10 5 3 1 3 24 2 20 3
14 2 14 3
11
36 38
4 3 26 3 10 28 20 22 19 32 8 10 22 20 4 3 5 6
2 3 5 19 4 20 2 20 3 4 3 33 3 27 5 30 32 8 2 3 14
19 6 5 19 35 34
12 2 3 4 3 24 3 2
3 16 11 32 35 38 35 43 36 19 18 2 3 14 19 3 2
5 2
5 3 2 8 11 32 31 7 29 5 3 19
19 22 20 15
4 14 18 2 14 3 2 19 16 12 7 42
22 19 5 19 2 22 14 3 14 27 3 15 3 6 20 19 5 2 15 1 8 11 2 5 1 16 1 13 11 3 2 19
20 3 27 14 3 33 5 19 2 5 22 3 5 4 3 12 2 18 3 22 3 19 23 18 3 11 38 43 38 29 31 30
10 7 10 2 15
22 2 18 19 20 5 29 32 2 3 5 19 3 15 33 2 3 14 22 19 18
33 3 33 2 22 20 26 28 5 29 2 29 36 35 36 35 43 38 35 36 7 36 35 38 11 30 2 14 2 19 3 19 3 16 11 2
15 5 10
3 28 20 19 2 5 19 10 29 38 36 9 43 38 39 41 31 42 30 32 8 2 15 19 20 22 21 32 29 32 9 41 42 39 38 13 28 2 5 6 3 33 3 2 4 5 29
3 18 5 4 5 10
15 33 3 5 3 2 12 19 18 17
10 36 35 3 33 2 20 14 19 14 22 28 22 21 2 14 3 6 5 4 3 17 18 23 19 21 22 3 10 5 19 25 8 11 35 36 38 36 37 11 35 36 35 43 13 28 3 36 37 34 7 10 30
2 6 3 19 2 5 3 4 20 5 4 19 20 26 20 22 3 22 3 18 2 8 10 4 3 32 36 9 43 35 9
5 3 14 3 5 33 2 5 3 2 15 4 33 2 19
33 3 33 5
3 10 5 25
20
1 16 35 10 3 2 22 2 12
33 3 20 18
18 19 3 5 2 18 19 2 19 4 20 22 19 8
33 3 2 1 3 2 3 10 20
3 5 29 7 39 41 36 43 40
2 24 19 2 1 15 5 10 11 32 30 31 2 31 42 39
2 10 5 3 2 15 4 5 2 19 2
14 3 2 10 29 41 30 7 38 19 2 3 9 1 2 5 4 20 22 19 5 14 18 19
4 19 2 22 3 2 3 5 2 15 33 5 33 5 19 2 14 3 14 3 12 9 43 35 43 35 43 34 35 34 36 43 38 11 2 11 36 19 14 19 12 11 32 8 7 41 39 41 42 7 9 35 29 36 34 11 3 5 20 15 4 29 2 12 1 8 10 5 6 19
8 9 32 29 31 2
19 5 19 3 8 3 14 3 2 33 3 20
19 10 14 2 3 19 36 35 19 3 4 5 3 21 20 22 26 20 22 2 10 1 3 16 43 36 38 43 36 43 38 34 36 35 37 34
3 19 5
37 35 43 35 43 9 13 11 5 19 32 31 35 38 31 30 41 42 41 29 32 25
22 19 3
5 28 2 33 3 2 3 2 3 32 36 38 8 2 3 6 19 3 19 33 3 5
10 14 3 2 3 33 5 6 3 15 14 3 2 5 4 2 18 2 5 27 14 19 2 18 19 10 4 19 3 21 19 4 5 6 3 2 5 4 3 2 5 3 19 5 33 3 28 20 26 3 22 20 2 5 19 24 2 5 2 5 4 14 19 38 35 36 38 13 38 36 35 43 38 29 30 31 35 36 38 40 38
19 5 3
3 19 35 36 35 36 37 36 35 9 1 9 35 9 38 29 10 5 8 18 19 22 33 5 2 1 12 16 43
27 3 15 5 19 22 3 28 13 18 3 2 5 33 5 33 3 22 33 3 19 30 32
5 20 22 2 33 15 22 20 28 2
5 3 2
2 3 14 24 2 3 2 31 30 41 32 30 5 3 11 5 3 35 9 40 38 41 29 35 31 29 36 43 11 8 11 32 11 9 39 7 31 7 16 11 9 16 36 43 35 43 38 40 38 19 6 3 15 33 3 33 5 3 6 19 21 19 5 19 15 4 19 6 3 5 29 36 38 29 31 35 36 43 34 36 29 30 41 29 5 33 31 36 35 11 37 29 32 5 3 2 22 28 13 18 3 1 5 33
3 12 11 32 30 31 7 29 36 16 36 34 36 29 30 29 2 8
15 3 32 31 30 29 38 43 36 9 43
2 22 19 5 2 20 33 5 2 19 33 22 28 14 3
19 5 2 29 35 8 43 35 38 35 31 36 35 43 38 35 43 36 3 26 19 4 19 2 8 7 9 7 10
8 11 43 38 7 38 39 41 39 7 2 3 14 22 28 3 22 3 2 17 4 3 5 2
4 19 22 27 3 5 3 27 3 1
5 3 11 43 35 43 34 35 13 7 38 34 35 19 35 43 34 38 35 19 6 10 8 14 2 33 2
33 19 20
19 22 28 10 19 6 5 3 14 18 14 26 20 4 19 4 5 3 17 3
2 11 16 1 13 36 38 43 38 9 39 7 30 10 4 5 14 2 15 33 20 3 14 28
19 5 10 29 9 40 38 43 36 10 5 14 3 28 2 3 19 2 11 16 12 19 4 33 19 18 3 14 22 3 4 6 5 8 5 29 10 16 38 11 37 34 31 30
2 19 3 27 2 3 4 19 3 2 14 22 26 3 5 30
20
3 15 33
3 33
3 5 2 19 3 19 3 19 2 14 3 27 22 20 14 3
14 3 11 5 2 3 22 3 14 5 2 33 3 22 3 5 3 15 5 33 2 19 17 3 22 19 17 20 19 5 10 5 18 2 3 5 2 33 5 14 8 9 34 43 11 12
2
10 5 19 4 5 33 3 2 3 27 5 2 10 3 12 1 2 1 5
3 17 19 5 3 14
4 3 5 33 5 6 5 3 2 18 5 19 5 18 14 22 2 19 18 2 3 1 15 20
5 19 3 19 20 26 20 42 31 35 43 11 30 7 42 32 8
5
5 3 24 2 4 3 4 3 5 11 10 29 37 14 18 5 2
19 3 5 19 2 15 33 5 4 3 26 14 19 2 14
19 6 19 3 5 6 19 22 3 19
5 33 5 19 5 3 10 3 32 29 39 43 7 31 6 19 5 27
19 5 3 5 33 4 19 18 19 2 8 28 20 22 2 11 35 36
3 19 3 2 14 4 19 4 5 1 8 2 3 24 2 7 38 43 36 35 29
28 8 19 4 3 10 32 36 41 7 10 30 29 7 31 38 35 36 35 43 9 29 39 38
7 3
12 13 7 29 36 11 32 30 11 13 16 13 43 9 12 3 4 3 20 3 5 2 3 20 18 19 4 19 5 20 15 33 3 5 19 31 43 35 11 38 35 13 43 8 3 2 3 18
10 22 3 22 3 20 28 2 8 25 24 3 28 9 43 38 42 38 36 42 30
3
8 5 3 2
19 15 19 22 3 5 20 5 10 2 5 3 5 10 8 2 24 5 19 3 20 19 38 36 35 29 42
15 14
10
15 2 5 3 24 18 24 25
21 32 30 31 32 36 34 38 19 3 5 35 34 38 35 38 29 31 35 7 10 23 3 5 33 27 33 3
18 2 22 19 31 38 41 31 32 35 34 43 40 9 39 38 35 36 43 36 29 36 16 38 11 9 34 36 10 3 2
14 8 28 2 3 33 2 5 3 32 29 32 2 22 3 4
2 18 19 5 4 10 20 3 1 4 5 3 33 15 33 19 2 19 12
35 36 29 36 31 36 10 14 3 4 3 2 5 33 20 6 19 4 5 20 22 26 27 5 19 18 22 3 18 19 5 19 5 10 20 3 14 10 14 2
5 10 5 28 9 36 9 13 28 20 22 19 18 19 2 31 36 43 34 9 8 2 33 19 31 43 36 34 43 35
24 2 4 3
5 3 20 2 19 21 22 3 14 3
10 2 10 2 32 31 35 19 33 4 14 2 12 14
2 33 5 10 14 2 18 3 4 19 22 3 4 13 16 8 22 2 3 10 5 33 5 3 19 20 3 9 28 7 8 2 33 5 19 6 20 42 40 42
27 3 22 3 6 10 14 28 20 26 28 20 3 5 6 3 22 19 5 3 2 10 8 10 19 5 3
5 2 18 2 5 2 18 22 2
5 19 6 19 3 19 18 3 12 11 12 19 2 28 14 28 14 19 12 2 3 14 1 3 2 19 6 2 14 10 5 4 10 2 8 11 32 11 43 36 38 43 38 19 3 14 3 33
5 11 2 3 4 3 12 2 5 3 19 33 3 5 33 4 19 5 19 2 19 31 2 12 9
4 5 3 4 3 19 3 33 3 28 16 38 11 3 27 2 24 3 6 15 5 3 22 3
32 8 2 3 4
18 19 5 8 7 28
2 33 2 3 14 8 11 25 24 3
19 4
11 9 28 14 3 22 20 3
5 8 9 29 31 36 29 38 36 34 11 35 19 10 5 10 9 43 36
6 3 2
2 3 19 5 14 27 3 10 7 41 39 38 36 38 35 19 20
5 10 5 15 33 20 17 21 22 3 8 19 12 3 14 19 8 28 14
24 3 14 18 19 2 3 18 19 25 8 25 8
18 3 19 6 20 4 5 2 19 5 19 21 32 42 20 5 33 5 3 22 3 4 5 2 3 6 19 4 3 20 3 6 2 11 36 35
3 5 4 19 5 2 3 14 2 4 33 5 3 2 3 10 5 4 5 33 4 2 4 3 33 15 20 3 33 5 3 18 2 18 2 3 32 29 10 5 2 3 28 3 20 22 5 10 12 11 2 14 28 2 18 23 18 2 3 12 2 7 31 9 31 30 42 40 39 7 29 32 9 38 8 12 2 5 2 8 7 9 13 36 34 7 31 33 15 1 12 10 7 35 36 35 9 38 10 7 29 41 32 30 32 30 29 38 11 13 38 36 35 38 36 35 43 38 40 38
17 21 11 43 38 35 36 34 35 34 35 32 4 5 3 2 3 5 2 3 2
33 2 3 28 16 9 35 9 8 3 18 19 18 22 20 3 2 5 3 17 2 28 22
33 3 32 19 36 38 9 43 35 34 9 16 35 7 29 41
3 16 28 9 30
14 28 29
15 14 28 10 11 3 20 19 26 3 33 3 5 15 2 8 12 19 5 3 4 20 22 2 3 18 19 17 2 19 22 3 2 19 3 2 8 43 9 13 38 16 43 35
19 3 15 19 2 19 5 2 3 18 25 19 2 3 5 14 5 2
19 6 19 6 31 41 31 30 31 6 5
23 5 20 2 3 15 4 18 22 3 33 3 20 5 6 5 3 1 3 16
5 2 10 29 2 20 19 4 5 3 18 19 23 18 19
2 33 3 22 3 14 19 5 2 8 22 10 5 12 2 4 3 14 3 24 14 22 20 22 19 2 8 16 9 35 43 11 16 11 8 32 29 39 38 43 38 35 36 29 35 43 38 43 36 43 35 36 35 31 9 32 19 35 43 35 37 36 35 11 5 2 5 4 5 3 2 10 5 19 18 23 19 24 18 22 20 5 3 2 14 18 19 21 19 3 2 3 14 3 19 33 5
3 2 22 19 21 19 21 6 1
2 3 14 3 14 8 2 18 19 21 6 21 11 21 32 36 38 41
2 14
2 22 19 5 35 29 35 36 34 43 35 43 38 39 41 38 43 35 36 11 32 30 31 29
2 14 19 18 19 5 15 2 14 3 10 19 18 14 4 19 18 19 20 3 19
4 2 5 19 5 10 5
27 3
2 10 20 4 19 21 17 2 15 33
19 3 19 14 3 27 26 27 2 18 2 33 19 6 31 19 8 25
15 33 3 19 17 19 3 15 22 2 3 18 3 27 3 28 2 3 24 3 14 3 20 4 19 22 3 27 14 20 22 20 3 5 3 22 3 5 3 5 2 19 18 19 18 12 13 43 11 30 7 9 29 7 39 31 7 13 16 7 3 20 21 22 21 19 4 3 33 4 19 3 28 13
3 18 3 1
14 19 2 29 30 11 43 38
4 3 11 3 15
26 27 3 19 14 20 4 10 30 31 29 41 31 35 36 19 5 8 18 22 14 3 8 16
14 3 36 43
2 14 2 19 3 32 29 31 30 7 9 40 39 7 39 9 38 29 36 38 36 7 42 31 34 7 29 5 20 3 5 4
1 8 11 9 10 29 36 43 38 8 16 36
3 12 19 4 3 2 33 3 5 2 3 2 4 19 18 2 4 3 19 5 4 3 7 13 16 19 22 28 13 36 35 36 42 38 11 38 35 29 7
4 29 7 31 7 41 29 35 43 16 28 20 19 4 3 33 5 10 11 38 11 32 7 39 29 35 11 30 32 7 30 41 36
19 3 4 5 2 12 14 28 29 39 40 41 9 38 29
10 9 16 3 35 34 36 43 35 29 31 19 5 3 34
22 28 22
12 10 5 23 22 2 3 2 4 6 5 3 10 5 3 4 3 5 15 3 17 18 5 3 19 5 19 2 5 10 5
2 5 19 18 23 18 19 22 3 36 38 41 38 35 43 38 11 14 3 2
5 4 33 3 12 3 5 10 5 20 22 3 33 2 5 2 14 1 13 28 3 2 31 35 19 2
18
14 3 32 30 11 3 18 19 6 1 3 19 5 8 36 41 29 32
3 2 19 5 3 2 19 4 32 30 11 3 5 19 17 3 22 3 14 5 10 5 19 7 31 32 29 5 19 18 22
3 4 20 5 10 2 3 4 19 5 3 28 2 10 4 2
2 14 2 31 41 31 7 19 6 3 22 19 3 27 5 19
3 4 5 24 3 19 3 35 38 36 38 11 7 29 36 43
2 3 28 22 3 20 15
2 4 3 2 19 3 14 3 14 2 21 6 20 3 2 3 22 20 3 4 15 10 8 14 37 11 38 34 36 29 30 31 32 31 29 30 32 11 36 11 2 33 5
14 2 4 1 10 2 22 19
20 3 2 5 23 10 20 19 3 5 2 18 19 24 18 19 3 18 3 5 33 3
5 33 3 5 18 19 10 29 42 7 19 2 5 4 5 2 20 42 41 29 36 38 34 35 36 43 38 9 39 31 32 41 42 32 30 11 8 11 16 11 43 16 36 43 11 7 31 41 42 38 36 38 9 28 26 19 21 20 3 19 2 4 33 19 17 20
3 2 22 20 28 22
20 3 15
4 14 2 19 5
8 43 36 38 43 35
2 19 3 5 2 4 19 22 3 20 17 21 3 5 8 35 16 10 38 36 10 5 2 5 3 17 19 5
10
20 22 19 5 19 36 35 38
3 6 5 33 3 28 13 35 34 36 35 38 11 35 38 42
5 3 10 30 32 8 38 43 31 42 29 35 36 37 34 43
35 36 43 35
19 3 14
3 22 14 11 16 9 38 36 43 36 29 41 29 30 32 30
19 17 18 19 18 14 2 5 35 10
19 3 33 3 20 2 3 12 11 7 36 34 36 35
5 33 15 14 3 14 4 20 2 15 3 22 2 5 2 5 33 5
25 8 25 32 31 19 6 15 33 19 2 14 18 12 11 43 36 19 3 33 2 22 12 14 3 36 35 36 43 35 29 7 13 36 38 34 38 12 3 33 2 19 5 2 5 2 15 4 19 3 2 3 4 5 3 33 5 3 5
5 10 3 14 5 19 3 18 13 38 34 31 30 29 32 10 5 20 19 3 10 15 3 20
19 18 22 2 14 2 22 3 19 3 19 21 6 5 18 19 18 4 29 30 19 33 5 20 26 14 5
10 5 3 14 28 29
33 15 2 5 19 2 5 2 3 2
33 2 3 20 22 20 22 19 3 26 22 14 19 18 13 38 34 43 16 36
5 3 2 19 18 2 5 33 2 4 19
19 3 28 8 10 29 42 30 32 8 11 8 25 18 2 27 14 1 8 28 3 4 17 19
33 3 10 19 3 26 22 19 16 9 34
5 19 4 29 36 38 16 35 34 36 38 43 38 35
20 29 38 34 38 43 36 34 36
18 19 18 19 20 5 20 15 3 15 20 6 10 3 11 3 22 14 12 3 10 29
18 3 10 38 43 35 36 13 16 13 16 7 30 29 31 30 31 30 31 32 11 8 18 2 3 14 3 17 20 3 2 18 22 3 2 5 4 10 3
5 2 19 5 2 5 33 14 33 19 6 5 20 2 18 17 18 19 3 14 2 15 3 5 4 19 4 10 5 15 5 2 19 3 12
14 12 38 36 43 38 36 29 35 34 35 38 35 43 38 19 3 19 2 14 8 2 10 4 3 32 21 19 18 19 3 2 3 5 10 5 19 5 20 19
5 4 5 3 14 22 26 14 2 12 22 3 20 4 3 4 3 22 3 4 14 19 14 4 2 12 2 3 12 33 5 3 18
3 20 29 38 43 38 43 36 43 11 8 25 8 5 3 33 5 4 19 3 2 15 33 5 3 27
5 2 10 3 15 2 8 36 38 36 10 19 18 19 2 15 14 10 6 31 30 11 2 24 3 4 3 6 3 6 5 33 20 19 3 5 2 4 14 3 36 42 29 9 43 38 36 34 11 32 36 32 11 36 34 43 16
14
40 38 36 19 30 10
18 23
11 25 11 9 10 5 19 3 5 32 31
3 33 4 5 3 20 2 5 2 19 5 19 16 9 16 28 22 20 3 14 1 13 9 11 1 2 19 3 4 33
33 15 3 20 19 4 19
3 24 3 20 22 2 3 2 3 10 3 5 20 33 5 10 28 10 5 3 22 2 20 3 20 22 3 19 10 5 10 29 10 32 11 32 29 30 29 32 35 29
4
6 15 33 3 20 3 6 3 33 27 3 19
17 20 29 32 30 42 29 32 9 11 34 38
14 28 5 10 5 18 23 5 19
14 19 33 5 6 4 5 3 6 3 22 33 5 3 19 18 5 22 3 1 8 28 3 5 20 18 2 7 29 37 29 41 42 41
15 33 19
5 2 19 38 36 34 9 38 43 8
3 1 13 1 4 14 2
2 5 20 4 5 6 19 38 16 11 3 5 3 4 20 22 20 19 18 19 3 33 5 33 15 5 33 3 5 20 3 2 19 18 2 33 3 2 5 29 31 29 30 32 3 5 2 18 2 5 3 2 8 3 5 1 11
14 3 20 17 19 7 24 2 3 20 3 18 19
14 15 5 18 3 1 3 5 29 39 41 40 39 38 36 38 9 8 11 40 38 36 38 35 38 35 3 15 3 5 10 3 10 4 19 2 3 5 19 3 5 19 2 33 3 2 33 5 33 5
28 8 32 30 32 30 11 32 8 14 5
4 5 3 18 25 24 3 14 22 10 8 38 36 9 3 33 19 5 3
11 7 36 34 11 37 14 2 3 4 19 12 2 17 19 22 2 18 14 3 19 21 17
2 33 3 4 19 3 22 3 20 4 33 3 22 3 22 28 10 3 5 33 5 14 5 2 12 19 3 5 20 26 22 20 3 14 11 16
1
3 2 33 3 19 23 19 18 12 13 38 35 16 11 30 7 9 10 8 1 2 11 3 2
3 20 3 27 14 12 18 19 6 1 6 10 5 15 19 20 19 2 14 22 20 4 13 36 29
20 3 5 3 5 20 28 5 1
7 39 31 30
8 36 38 43 11 38 7 3 33 4 3 19 6 3
32
5 19 20 3 23 18
3 15
2 14 3 10 5
33 5 3 22 19 4 19 20 3 5
5 14 18 5 6 20 3 32 29 30 42
15 1 7 36 43 38 13 35 38 16 19 4 19 30 29 35 36 42 9 38 43 36 34 35 38 35 11 9 7 16 12 16 11 16 10 6 2 5 19 18 2 3 2 18 3 8 32 29 32 30 5 4
10 5 3 2 22 19 20 3 2 8
19 2 14 8 3 10 19 3 14 2 14 3 27 3 33 15
2 28 8 22
19 3 5
6 4 5 22 3 5
28 9 16 35 43 9 3 2
2 24 3 1 12 2 5 6 3 10
18 3 19 18 2 5 2 3 19 3 20 4 2 19 21 3 19 4 3 33 3
5 3 20 28 10 11 34 36 35
19 4 5 2 3 16 3 33 19 4 3 15 14 3 2 33 3
6 31 32 30 9 11 32 11 7 28 2 3 15 33 19 6 15 4 14 3 22 19 6 3 4 32 3 22 14 3 4
5 10 5 6 19 4 3 19 18 2
3 23 19 38
5 28 20 22 20 29 7 12 3 18 19 4 33 20 10 5 27 3 2 33 22 33 5 19 4 3 33 5 2 5 3 33 3 33 5 2 3 26 14 15 19 3 22 14 3 19 18 22
22 28 5 15 3 2 31 36 34 43 38 35 43 36 41 29 32 8 5 3 20 19 2 3
2 19 2 3 33 4 2 4 19
4 2 5 2 3 8 25 8 32 35 7 41 42 39 9 13 18 19 3 33
5 14 10 3 14 33 15 2 14 5 33 2 14 3 5 14 4 33 2 5 33 19 3 22 2 12 5
19 3 5 33 3 2 5 3 9 39 43 13 7
20 5 3 14 2 11 2 3 14
31 34 35 34 36 29 32 11 16 19 33 5 18 14 5 11 5 20 29 7
9 29 36 38 11 32 31 33 3 20 3 22 3 32 4 1 3 2 3 19 18 5 33 15 3 8 5 19 18 19 5 3 10 30 32 31 41 39 41 42 39 9 35 36 43 11
20 29 37 35 36 38 36 38 36 38 16 43 35 34 38 43 38 43 38 35 38 35 9 10 19
2 22 3 4 14 24 2 22 5 10
3 2 8 5 29
33
4 19 24 19 3 5 3 19
33 20 17 19 33 5 4 2 10 23 19 22 28 3 2 3 18 2 3 2 19 3 18 23
28 5 19 20 10 19 3
22 3 4 5
5 10 2 28 22 18
19 3 5 3 6 19 4 5
17 19 4 3 20 3 5 24 7 3 27 3 2 6 15 4 19 18 2 14 2 22 27 22 14 5 33 3 14 3
4 33 5 28 3 4
5 3 19 6 4 3 19 5 20 10 5 4 33 5 2 5 2 18 14 33 4 13 18
5 4
20 28 13 18 19 3 5 20 5 3 5 4 2 5
33 12 18 19 5 19 3
22 3 18 19 2 5 33 3 33 2 3 5 3 15 3 5 14 4 33 5 2 3 2 5 19 10 15 5 1 12
20 19 4 2 19 3 4
19 10 30 31 2 18 17 2 32 31 41 42 39 7 11 32 31 29 5 2 31 41 31 19 21 32 31 6 5 10 3 4 3 5 4 6 3 36 9 36 34 36 32 8 2 12 1 12 18 24 2 33 27 14 33 3 28 8 12 1 3 20 42 29 41 32 31 32 30 31 38 39 38 39 42 39 7 11 21
5 2 17 19 3
18 12 19 4 19 22 3
19 3 22 3 5 10 38 39 41 7 31 36 35 36 3 2 5 3
4 6 19 6 20 5 3 19 18 20 29 41 42 9 39 41 7 39 41 7 13 1 7 9 43 35 36 38 11 3
11 10 3 4 5 3 10 8 2 10 38 29 42
33 3 4 2 12 3 2 5 20 3 19 3 5 15 4 19 6 21 19 3 33 2 15 14 5 20 19 4 19 7 35 9 13 7 10 1 16 9 13 12
3 12 9 13 43 36 34 35 36 7 29 41 29 42 29 32 11 8 35 37 29 5 3 22 20 4 19 38
6 5 3 20 2 3 19 3 22 2 3 12 3 4 6 10 5 4 20 6 5 18 24 3 2 5 10 3 15 33 4 3 15 3 18 19 2 18 19 18 19 22 20 3 19 21 19 4 19 15 3 33 5 33 5 15 14 10 5
33 4 5 33 15 33 2 18
12 19 6 3 2 20 3 33 5 3 2 20 22 14 3 18 5 33 15 10 19 21 22 2 10 28 22 33 4 3 2 15 22 20 3 5 33 5 10 29 36 38 11 32 35 38 16 12 2 19 4 2 5 28 9 38 43 9 43 31 29 32 29 36 43
22 14 4 6 3 1 7 12 33 15 20 3 10 9 13 35 43 11 35 29 38 43 38
20 26 22 27 22 19 4 2 5 20 5 10 5 2 5 3 8 14 26 22 3 11 29 10 15
19 22 20 22 19 6 3 5 3 5 3 1 16 11 14 5 29 36 19 3 22 28 22 3 2
22 3 18
19 33 19
12 3
28 22 8 25 18 23 10 19 2 19
10 5 2 3 2 3 6 5
5 6 3 15
32 8 2 30 29 28 20 5 2 15 3 35 31 30 10 1 2 15 33 4 2 3 5 18 3 2 18 2 3 2 11 38 35 34 36 13 43 11 40 41 39 29 41 29 41 29
3 18 2
3 5 3 5 4 19
18 3 10 3 5 35 34 35 36 8 38 43 11 32 11 7 30 29 36
2 5 18 3 14
5 2 24 25 24 2 3 8 5 20 3 14 19 20 26 3 33 15 33 5 15 3 15 20 17 21 22 19 3 12 8 7 42 9
4 19 15 5 10 36 31 30 32 11 32 11 35 34 38 7 28 2 33 4 33 3 22 33 5 2 5 3 12 1 3 4 33 12 11 38 39
3 5 33 5 24 19 12 2 33 3 7 8 14 27 33 20 5 10 3 2 19 18 5 15 14 2 22 3 20 19 33 5 33 5 14 3 5 3 14 2 5 30 32 9 13 28 2 3 19 18 19 2 1 9 43 9 7 42
4 3 4 35 43 9 39 29 42 41 31 2 14 3 5
3 8 5
3 11 1 8 10 20 19 18 3 15 3
20 19 18 19 20 4 5 3 33 14 5 14 3 4 3 33 3 14 15 3 2 3 20 3 22 21 3 2 31 41 40 38 43 11 43 38 36 29 5 2 12 2 28 13 12 38 11 3 22 14 3 2 14 15 4 2 3 5 20 3 2 19 5 14 3 2 3 16 13 16 11 12 13 43 35 38 35 36 16 38 36 35 38 29 11 35 36 35 13 36 11 8 18 14 2 10 5 3 2 5 4 19 5 33
2 18 2 14 22 20 22 20 14 3 2 10 9 34 36
2 5 2 14 1 3 2 22 20 22 19 3 5 6 1 8 5 6 4 5 18 2 12 38 43 38 40 38 43 8 2 15 6 31 2 3 28 3 33 15 14 5 4 33 2 3 23 10 8
3 33 5 2 19 22 19 5 3 6
5 19 2 33 3 5 20 4 19 22 2 18 3 22 3 19 8 25 32 29 30 7 31 30 29
2 15 5 3 20 2 18 14 3 19 2 5 2 3
8
33 3 33
10 38 16 1 16
22 12 1 10 30
2 5
22
3 1 6 19 20 3 19 3 12 2 18 19 3 20 3 33 4 5 15 2 19 15 3 4 5
18 2
2 5 2 4 15 2 18 19
2 28 8 32 29
14 22 20 2 18 22 21 20 3 14 3
3 22 21 19 32 8 14 18 25 8 5 19 31 42 40 41 42 29 39 9 43 38 35 38 34 35 29 41 38 11 32 8 32 35 36 13 9 34 35 36 35 13 9 35 36 35 43 11 43 35 31 41 42 7 29 7 41 42
18 3 5 24 3 14 19 6 31 2 3 20 3 21 6 10 20 10
12 5 2 5 10 20 5 20 18 2 5 2 3
2 6 5 4 10 28 9 43 13 18 19 5 18 5 15 20 19 5 19 12 3 5 15 2 4 2 12 19 3 15 3 5 15 2 5 20 3 19 3 6 19 3 7 11 43 9 43 38 34 35 38 13 16 19
3 18 23 22 14 37 34 38 34 3 4 14 3 20 19 18 23 3 4 3 22 3 12 38 9 11 21 11 38 36 31 32 31 2 5 4 33 19 3 5 11
3 17 2 14 2 33 19
20
2 5 2 22 8 25 5 3 18 2 30 32 29 28 22 14 5 19 17 21 19 23
29 7 41 40 39 41 29 30 42 41 38 43 9
2 14 22 19 22 3 10 8 25 32 29 42 31 19 17 2
3 21
14 5 20 3 11 32 3
2 3 19 18 3 19 5 8 32 30 32
2 3 10 1 4 19 3 14 10 28 9 31 39
10 5 3 18 23 19
24
28 10 15 5 14 28 5 3 28 10 12 33 3 19 22 28 22 3 9 43 16 11 16 10 19 33 19 2
15 3 8 25 19
2 18
3 2 3 33 3 2 3 2 14 5 3 2 32
3 11 8 22 14 2
15 33 2 8 5 3 5 2 3 5
18 22 19 3 20 19
19 22 12 19
21 19 21 19 6 5 1 12 22 26 28 5 3 27 3 5 10 8 11 12 19 3 15 2 3 10 6
22 28 3 2 5 14 2 19 6 3 5 18 4 15 2 18 19 5
3 14 5 2 18 3 27 5 33 3 33 5 3 2 1 15 33 3 6 20 5 19 3 2 3 2 27 26 3 14 11 43 11 35 43 36 43 40 11 9 39 41 36 38 39 41 29 30 31 41 32 11 36 43 38
22 33
20 22 2 5 3
3 2 19 2 4 1 6 5 3 14 5
5 2 3 20 4 2 3 18 19 15
15 3 15 3 33 3 32 30 31 36 34 43 38 41 39 38 36 10 8 32 11 21 22 23 22 14 3 37 7 41 39 38 35 43 31 38 36 37 14 4 5 33 5 2 33 31 7 13 18 19 30 5 6 2 1 2 15 5 3
33 2 3 14 2
17 19
2 3 4 1 7
33 3 2 5 3 4 5 19 3 15 3 19 3 2 3 15 22 10 29 32 30 29 20 22 19 3 14 2 19 6 19 2 22 2 3 2 5 10
22 3 37 11 43 7 36 34 38 34 11 43 36 41 9 32 8 3 15
3 19 22 28 10 8 16 35 36 16 7 29 41 32 2 3 37 35 36 10 3 33 4 33 15 10 5 19 33 2 18 5 3 14 2 19 33 2 10 5 2 33 3 2 22 28 10 3 28 3 5 19 5 4 3 18 19 22 19 5 18 19 2 17 20 2 24 25 8 25 18 2 14 3 14 3 19 7 28 5 10 5 28 3 19 16 1 3 12 19 30 32 31 6 15 33 3 22
2 3 2 18 2 31 36 7 35 36 35 36 19 22 3 22 14 12 1 3 19 3 21 17 20 22 8 2 3 5 19 20 3 19 22 2 3 15 3 4
27 3 22 26 3 5 33 3 2 18 19 3 22 3 5 2 17 19 33 5 28 9 31 29 5 2 22 3 33 5 2 17 4 10
19 12 19 18 19 33 3 33
5 2 5 15 1 15 10 9 35 29 35 36 35 34 35 38 34 35 8 32 31 35 36 29
14 12 3 6 19 26 27
2 28 3 14 5 3 5 2 15 3 5 3 28
23 18 4 19 22 3 5 25 5
19 17 20 26
14 20 26 22 19 3 2 8 32 7 12 19 12 11 35 38 43 35 16 1 10 3 5 19 5 24 2 30 29 9 36
3 5 25 5 20 5 14 18 3 2 14 3 5 32 8 2 33 5 2 29 42 29 41 38 43 9 43 36 35 4 3 22 14 20 3 14 15 2 18 3 5 33
2 5 19 2 14 3 19 31 19 22 20 3 28 8 7 13 38 35
2 19 24 3 2 31 30 31
22 20 3 33 31 7 11 38 13 16 3 33 19 3 15 14 5 3 2 3 33
5 3 15 2 5 3
3 19 22 3 5 33 4 5 3 5
4 13 36 13 7 3 9 16 3 22 2 3 19
21 2 3 22 2 18 4 17 2 19
2 22 3 14 10 16 11 32 30 31 43 36 9 13 38 9 28 29 7 13 16 36 34 35 31 36 35 31 43 34 38 39 41 38 40 11 35 34 38 13 4 10 5 33 5 35 43 38 36 19 4 2 8 2 5 2 33 5 2 5 19
2 5 18 19 3 22 3 27 5 18 14 3 33 5 3 24 2
42 29 39 41 39 40 38 35 38 19 3
10 7 9
4 3 33 2 3 2 22 10 36 38 11 2 10 35 43 36 35 36 35 9 1 8 11 36 35 11 35 36
20 2 3 28 2 6 19 3 4 19 21 19 5 19 4 19 2 3 19 5 18 3 5 2
3 19 30
14 1 8 3 33 19 10 5 3 18 14 3 2 19 3 15 2
3 2 12 2 14 5 19 2 5 1 3 19 5 33
19 17 3 19
24 5 3 5 19 33 2 6 5 19 4 33 2 3 14 12 2 3
19 3 20 3 28 10 12 11 38 16 19 12 3
5 2 3 2 14 3 22 2 18 20 10 35 38 43 39 38
2 20
14
19
3 19 35 38 36 35 31 30 31 41 29 7 16 43 11 8 3 15 10 28 29 10 3 5 2 8 2 3 4 3 5 2 19 4 19 22 3 2 5 20 5 1 5 2 33 3 16 12 16 35 36 34 43
26 22 14 20 3 27 3 12 19 23 19 6 19 22
4 3 22 28
33 5 4 5 3 2 3 12
21 17 18 3 2 5 3 33 3 5 19 4 19 2 19 20 21 3 19 6 10 29 38 16 35 38 11 8 3 14 3 14 3 19 18 19 3 10 3 5 2 29 35 38 9 43 11 30 42 41 42 39 7 31 35 34 35 36 35 34 38 39 38 35 34 36 43 11 2 14 2 5 20 19 18 19 4 3 5 19 23 19 6 2 3 2 12 2 19 35 34 36 19 3 5 33 5 33 19 2 8 43 38 7 29 35 34 36 34 36 42 40 11
18 19 2 19 3 20 5 10 5 20 22 3 12 33
2 3 2 19 8 2 33 15 2 19 6 3 4 19 18 2 32 11 38 11 43 35 43 38 41 38 41
18 2 24 5 28 10 14
27 3 14 3 19 5 4 3 22 19 3 15 3 11 38 40 38
5 18 19 3 4 19 21 22 23 3 33
26 22 20 28 16 43 35 36
5 3 10 5 15 20 2 3 22 3 9 36 35 34 36 11 8 14 2 8 5 29 30 9
2 14 28 20 2 3 33 3 14
9 40 39 40 43 38 43 36 38 43 31 30 9 31 19 18 19 5 3 32 2 5 10 19 22 14 3 5 10 5 19 2 5 20 5 12 2 3 17
5 3 14 10 5 19 18 19 10 22 8 7 31 32 31 39
3 2 5 6 3
22 3 11 43 38 42 41 36 34 36 38 35 36 41 39 31 29 31 39 9 40 43 35 36 29 37 11 34 3
5 14 20 22 3
36 38 40 41 42 30 31 38 34 43 11 9 29 35 7 30 19 3 22 3 5 19 18 19 35 4 19 3 14 19 2 3
2 18 2 12 8 11 7 2 18 5 18 24 5 2 4 33 20 22 14 37 14 15 3 27 33 3 4 1 5 10
7 29 9
14 2 15 6 2 3 22 28 22 2 10 5 20 3 2 19 6 31 35 36 38 13 11 7 1 9 16 11 9 13 12 7 11 7 29 35 43 35 31 9 28 20 4 3 19 3 22 2 14 2 8 7
5 3 20 26 28 2 4 2 3 2 17 3 19 14 2 3 22 3 5 6
1 5 14 20 26 3 22 12 2 5 19 5
32 30
14 37 11 38 34 38 43 8 3 1 12 2 3 2 28 10 4 19 4 5 3 9 16 11 38 35 13 43 34 43 9 35 38 9 42 7 8 11 2 3 5 19 8
5 2 18 5 4 3 22 20 3 2 5 33 3 2 3 26 22 20 5 18 19 18 3 14 5 33 3 15 2 24 3 2 33 3 19 15
24
19 18 3 4
14 18 12 7 9 8 19 3 28 9 1 3 14 28 8 32 30 29 35 38 34 43 9 39 38 36
17 19 22 19 5
1 7 41 42 32
18 19 5 3 2 14 27 5 14 3 27 2 5 14 20 3 2 14 19 5 20 10 19 3 21 32 36 38 19 4 3 37 35 43
19 18 2 28 2 3 14 5 10
31 7 11 38 36 10 5 2 5 4 6 3 4 33 19 33 19 4
3 22 20 22 3
33 3 2 5 19 8 35 38 7 36 35 38 34 35 36 19 18 2 17 18 25 32 5 3 10 19 3 2 14 3 5 33
6 19 3 19 5 4 14 3 36 37 36 35 36 38 9 8
16 11 13
6 19 20 22 28 14 3 18 19 3 9 7 29 7 42 32 41 40 41 42 7 13 38 36 43 38 7 19 2 21 3 5 10 2 5 2 3 15 3 22 2 18 19 14 3 4 2
19 3 1 12 2 33
3 15 3 2 3
19 4 33 4 19
3 22 3 12 14 8 11 43 9 13 7 8 2 15 2 19 2 3 33 2 12 13 43 8 3 2 15 33 15 33 3 19 5 18 19 23 5 4 19 3 4 20 2 3 2 19 38 13
18 3 21 11 8 25 32 31 19 2 17 18 19 4 6 19 4 20 3 20 33 15 20 5 4 10 5 3 4 3 2 19 5 18 23 3 22 14 15 33 4 20 3 16 11 43 8 5 4 2
20 3 14 3 27 5 33 2 3 10 20 2 14 3 19
22
35 38 7 42 39 7 13 28 3 5 6 5 3 24 3 19 14 22 2 18
6 5 6 19 31 36 10 2 15 5 22 3 2 28 26 27 3 19 5 4 19 20
2 5 3 4
2 19 2 19 5 19 8 14 19 2 3 26 22 20 3
4 32 29 36 35 38 35 38 29 41 30 42 29 30 5 19 6 21 22 3 36 35 38
22 26 19 18 19 3 24 18 3 27 3 14 3 19 17 20
2 3 2 5 6 5 19 5 33 3 12 11 12
5 10 3 2 5 3 4 32 19 31 41 40 39 9 7 36 43 35 36 35 36 43 35 11 43 38 11 32 11 3
5
20 3 32 35 36 34 38 35 38 35 31 30 29 4 3 10 2 3 2
2 3 9 30 32 30 9 39 36 34 36 41 38 12 19 5 4 3 33 5 3 8 19 21 19 12 3 5 18 2 18 19
3 28 3 6 20 29 35 34 7 29 2 5
5
15 3 4 6 4 3 19 20 29 42 7 13 35 34 31 35 9 30 5 14 15 1 5 20 3 2 3 5 33 5 4 3 2 19 18 2 5
14
5 10 16
10 3 18 2 20 15 22 3 5 18 20 28 14 8 25 8 3 20 22 21 22 3 2
5 3 2 5 3 33 15 3 15 2 18 5 10 20 5 3 28 14 3 18 23 19 5 3 8 10 7 13 28 10 3 10 5 19 5 25 8 2 5 3 22 3 33 2 5 3 5 29 5 32 36 34 43 36 29
2 3 12 19 2 3 20
33 5 4 33 5 2 5 33 4 3 2 5 2 3 26 22 3 5 2 28 2 5 2 24 3 2 5 3 19 5 19 10 15 2 14
5 19 4 5 10 5 8 7 39 42 38 42 9 39 41
34 38 34 11 43 11 12 2 20 15 33 15 3 2 20 22 10 23 18 3 2 5 3 4 19 3 5 19 38 7
22 14 3 2 4
4 3 5 4 3 14 3 14 20
4 5
29 35
5 19 22 28 26 19 18 5 6
14 3 18 2 7 32 31 29 7 30 19 8 7 16 36 35 36 34 3 5 19 20 19 2 20 3 5 10 1 3 20 3 5
10 7 30
6 3 5 2 5 8 19 5 2 19 14 4 3 33 4 3
5 3 2 6 3 24 2 3 5 19 31 29 7 11 36 32 29 7 29 7 8 2 3 5 10 5 2 3 4 33 5 4 19 26 22 20 22 20 3 5 19 35 29 11 21 17 19
20 5 19 3 19 3 5 20 15 3 2 14 2 5 10 3 14 18 19 2 14 12 2 30 32 2 3 16 36 35 29 20 33 14 19 18 19 4 19 3 27 22
33 4
3 18 19 2 8
32 41 29 7 10 9 16 38 35 3 20 3 5 19 6 5 33 19 17 19 3 4 10 5
5 3 22 19 14 22 33 3 15 33 15 33 3 19 18 3 2 4 3 20 33 2 12 2 3 20 18 2 19 5 3 26 3 14 22 2 5 19 18 2 19 5 3 22 28 22 3 10 3 22 14 2 5 4 5 10 6 19 5 18 5 10 5 29 28 20 3 28 5 2 5 29 30 29 39 9 3 5 23 3 19 3 4 33 20
14 3 4 3 1 2 33 19 3 5 19 3 4 14 3 33 3 2 5 19 2 18 4 3 5 19 12 11 43 11
22 28 9
20 22 3 19 18 5 3 8
2 3 18 19 5 20 2 24 2 12 8 19 4 2 5 10 3 2 15 2 8 3 19 14 20 26 14 3 14 5 35 36 35
5 19 15 33 5 33 2 8 32 30 31 19 5 2 22
2 4 35 38 43 34 36 35 34 35 34 38 43 38 40 39 42 41 29 31 7 29
2 3 8 10 5 3 5 3 5 10 1 12 8 2 5 19 4 3 5 2 19 3 14
3 14 3 33 5 3 2 5 2 5 28 2 4 2 11 35 13 36 38 43 13 38 43 16 8 2 18 5 3 5 14 37 34 36 34
19 32 31 29 35 8 2 5 3 27 3 27 3 7 29 30 19 5 6 19 5 20 5 33 15 2 19 3 14
35 43
15 3 1 8 14 3 14 33 3 19 5 3 20 22 19 18 14 2 12 3 5 6 19
3 5 6 5 18 2 3 16 35 36 34
10 35 38 36 31 9 35 9 29 41 39 40 42 32 5 2 24 3 22 2
5 3 14 3 18 23 19 33 14 24 25 18 3 33 12 11 5 33 4 19 2 4 3 20 3 19 4 3 4 1 11 38 11 32 11 38 34 36 38 10 19 8 9 39 41 38 11 10 3 28 13 12 7 9 43 9 12 1 12 11 38 36 29 38 43 36 42 41
5 2 3 33 2 5 19 3 9 43 38 41 39 29 35 38 43 8 25 24 2 20 2 33 3 10 29 41 29 10 3 5 3 11 7 9 43 38 35 29 42 40 41 29 30 32 11 36 35 36 35 34 43
2 4 3 27 5 18 2 29 30 9 13 18 19 5 19 5 19 12 3 14 28 22 3 33 15 3 2 31 30 31 30 31 19 12 19 4 2 8 43 34 36 29 38 40 9 11 37 11 9 42 7 31 36 7 11 21 2 19
19 5 2 22 2 5 35 34 36 35 38 43 38 9 34 36 43 38 35 43 9 35 34 35 13 36 8 2 18 5 32 4 35 37 7 12 14 19 18 19 22 3 2 5 2 10 29
3
11 38 11 12 16 43 38 36 38 36 35 29 38 31 30 9 39 9 30 7 34 38 43 35 13 35 34 36 35 32 30 5 3 5 3 5 19 36 38
30 31 30 31 29 41 29 31 30 32 3 10 8 25 24 2 3 33 3 24 7 2 5 2 3 10 6 3 4
5 4 19
19 18 19 6 4 5 3 2 5 3 5 2 22 3 2 3 11 37 35 38 11 29 41 29 41 7 34 35 43 38 43 9 43 16 3 19 5 19 5 10 35 43 36 38 35
20 3 33
5 10 8 10 3 14 19 4
4 3 27 14 3 33 5 2 19 21 19
5 28 22 2 19 3 20 3 24 3 22 28 20 15 33 4 20 5 3 32 36 38 35 34 35 38 13 38 10 3 5
33 15 5 27 5 2 28 13 1 12 10 3 22 19 4 3 2 10 15 3 18 19 3 5 18 2 14 27 3 19 6 4
6 10 5 10 5 15 14 18 5 3 19 15 33 5 15 19 14
3 2 5 3 19 22 20 26 20 33 3 5 33 3 2
3
12 9 11 43 35 37 11 9 39 41 38 43 38 43 8 28 8 19 5 3 19 10 29 32 5 18 19 10 5 2 8 3 32 2 19
20 14 3 2 3 15 19 30 32 29 5 2 3 20 3 2 3 2 12 8 10 2 5 20 33 5 3 2 22 27 2
8 35 29 42 7 12 19 3 22 20 5 30
19 10
27 14 2 5 4 33 3 28 9
18 19 4 3 2 19
2 3
3 2 33 3 14 5 20 22 19 2 3 12 16 38 35
12 11
19 2 15 33 14 8 7 42 7 36 35 31 32 41 39 29 30 31 9 43 35 7 11 35 36
22 19 3 26 14 8 10 2 15 3 2 33 5 2 4 3 33 4 19 5 20 3 23 18 23 5 3 19
5 8 1 13 38 29 32 35 38 34 38 29 11 3 2 4
3 19 6 19 3 33 5 35 38 10 32 31 29 7 10 29 31 9 43 35 36 38 34 35
24 3 15 2 14 3 18 19 14 3 19 18 14 28 2 5 2 3 4 3 2 19 5 3 22 2 30
15 20 22 23
19 36 43 8 7 41 32 8 7 37 14 2 3 33 5 28 2 3 4 3 19 3 33 3 15 2 5 6 19 16 1 9 16 28 3 33 5
2 10 5 28 14 3 5 19 21
3 19 3 19 18 23 10 1 15 2 5 27 3 33 4 19 3
2 22 14 2 3 27
14 3
3
19 10 29 36 31
14 2 5 19 26 20 4 33 14 19 20 29
4 5 3 20 4 5 4 5 19 5 12 11 13 43 35 4 19 3 4 3 24 3 8 19 12 2
10 3 26 22 19 5 23 3 22 3 5
16 3 1 3 19 6 19 6 21 19 14 3 22 3 18 5 14 2 20 5 30 29 35 36 43 38 13 36 7 29 32 8 2 4 19 18 3 34
5 33 15 33 15 33 2 18 3 2 17 2 3 4 19
7 29 7 2 4 19 8 32 29
22 2 18 3 5 14 3 19 2 24 2 32 8
15 3 5 10 22 23 19 32
12 16 36 43 11 1 3 19 3 19 3 26 3 15 14 2 4 3 27 22 18 3 20 17 3 32 4 3 14 5 2 3 2 33 4 14 2 5 20 33 2 19 25 24 3 5 10 35 36 35 3 5 33 12 11 40
2 22 3 5 4 20 42 39
2 12 19 3 22 26 3 12 8 14 3 28 26 20 3 5 2 18 5 19 4 3 12 3 20 4 19 21 3 18 19
4 33 3
33 2 33 5 14 19 22 28 14 3 4 14
2 10 5 33 14 11
5 10 5 33 3 4 3 17 2 20 3 5 4 2 5 33 19 2 19 5 19 3 2 3 19 2 19 3
18 19 2 5 28 2 12 18 2 3 5 2 3 5 3 5 3 5 10 5 3 33 4 33 5 3 2 6 21 6 5 4 5 2 10 8
4
14 4 5 2 15 3 14 22 3 19 6 20 3 14 2 14 3 5 3 14 5 19 3 14 2 5 3
18 12 8 2 19 14 3 33 2 19
19 6
19 18 19 4 19
15 5 3 6 19 3 10 32
33 2 5 32 30 11 7 10 1 3 20 2 3 2 19 18 2 3 33 15 1 15 33 5 14 27 3 22 3 18 8 35 19 3 15 5 1 10 5 3 12 2 18 2 3 2 18 23 5 3 20 22 33 3 18 5 29 36 11 38 8
27 3 2 5 6 19 5 33
23 19 18 22 20 5 10 29 7 12 3 1 3 2 29
19 3 18 23 3 14 2
19 14 2 24 2 4
22 19 10 5 33 22 26 19 2 5
6 3
4 10 4 19 4 14 3 4 33 3 14 18 2 19 3 5 2 1 3 19 2 14 2 18 25 32 3 14 24 18 25 24 3 10 29 39 42 36 43 34 36 43 11 35 3 5 29
18 19 20 2
22 14 2 3 28 3 4 2 3 19 23 18 3 20 3 33 2 5 3 5 18 3 9 16 36 34
19 3 5 24 2 5 20 14 19 3 33 2 8 2 29 38 43 9 13 9 40 39 41
2 3
3 19 3 27 14 4 5 33 5 10 29 35 43 34 35 10 28 20 19 20 2 3 2 12 19 2 19 14 24 19 20 3
18 19 21 32 3 5 3
2 3 10 35 43 35 36 38 35 43 9 38 39 42 20 19 4 5 3 5 3 2 3 4 3 19 3 4 6 21 20 19 17 20 10 3 5 33 4 3 18 2 3 14 22 19 18 3 14 22 3 2 24 19 2 19 5 24 3 5 27 2 4 5
10 3 20 2 18 19
33 5 2 3 14 5 19 5 33 4 17 19 15 2 12 9 43 38 35 36 7 12 13 43 39 29 41 42 7 32 42 39 40 41 29 7 38 36 35 16 35 9 43 35 29 9 29 32 30 29 41 38 35 43 11 13 7
33 3 9 34 38 35 43 35 43 9 36 35 13 28 22 3 4 33 5 2 3 14 24 2
3 15 4 10 1 9 43 34 36 35 38 36 43 34 36 34
21 6 2 22
3 19 3 4 5 18 19 22 3 34 35 5 2 19
14 2 3 19 3 2 3
30 32 35 43 39 40 38 7 32 10 3 19 23 18 2 18 3 11 3 2 3 33 2 5 28 22 20 26 28 3
3 28 3 19 18 3 2 5 3 20 22 3 21 22 19 2 5 19 3 12 5 19 5 3 5 29 37 3 14 2 10 3 4 5 20 33 27 3 27 3 19 8 14
3 15 3 4 3 19 12 3 22 3 11 36 31 36 35 43 36 34 31 32 31 7 34 38 43 38 35 36 43 38 35 8 10 5 35 38 35 36 38 35 36 11 13 18 3 5 33 19 18 3 14 20 3 2 3 19 18 19 22 20 3 22 2 4 33 3 15 4 19 18 14 3 14 8 2 18 19 18 19
22 21 6 4 2 18
5
5 3 20 22 20
33 3 20 14 2 10 4 33 3 27 2 5 33 19 20 3 14 3 34 36 29 5 2 18 19 10 4 6 19 4 3 12 3 4 33 3 24 18 19 3
12 3 14 19 18 5 4 3 19 18 2 4 3 22 2 5 2 3 18 2 18 19 20 28 8 1 4 19 3 5 33 15
2 22 18 22 26 14 4 19 5 4 33 3 19 4 33 3 2 29 20 22 20 14 22 2 5 19 35 4 3 5 3 2 33 2 11 9 8 12 3 21 2 14 3 24 14 28 5 3 24 2 14 2 8 14 15 2 20 5 4 29 38 36 10 38 36 35 32 29 30 29 7 29 37 34 11 25 5 33 15 3 20 19 18 2
3 24 3
26
38 39 38 34 43 36 39 40 42 29 36 42 31 32 11 43 34 35 29 36 35 36 19 3 5 2 18 14 15
14 3 32 11 32 2 33 15 5 10 5 3 35 36 34 43 36 35 43 34 35 31 29 5 33 3 14 3
15 33 5
3 22 14 15 3 19 3 2 31 30 31
5 10 5 33 3 5 20 10 12 19 20 2 19 3 35 38 35 29 7 31 29 11 29 36 43 34 36 35 11 25
2 19 3 4 3 2 3 4 5 6 21 6 19
15 4 33
3 2 5 3 5 3 2 11 7 41 30 31 32 8 12 2 3 18 2 3
2 6 19 20 2 19 30 10 19 3 2 19 2 15 5 30 29 2 12 2 32 42 29 36
2 3 2 5
5 15 3 4 3 5 3 10 7 1 12 3 2 4 2 4 2 3 5 18 14 5 19 23 18 19 22 3 2 5 18 3 5 33 3 12 33 3 22 14 37
3 17
5 20 19 12 1 5 14 20 28 29 32 41 38 39 9 13 43 38
4
5
3 22 3 14 1 9 7 29 36 32 36 34 36 34 38 13 43 35 13
13 9 11 38 43 9 43 11 32 11 7 31 41 9 16 43 35 29 31 30 7 31 6 4 5 2 17 19 8 3 22 3 2 8 11 35 36 43 9 41 40 43 8 10 22 19 12 10 22 20 22 14 24
28 13 1 16
43 35 36 35 31 29 41 42 41 42 29 35 38 11 38 11 16 3 15
33 14 37 36 43 39 40 39
12 2 5 33 19 4 3 19 4 5 10 5 2
4 3 5 3 4 13 36 11 36 35 34 38 11 32 10 1 2 4 33 14 19 22 3
2 3 24 25 8 25 5 20 3 2 3 19 3 20 29 42 20 28 2 3 2 29 38 36 19 12 19 4 3 8 2 5 2 22 26 19 18 19 22 2 24 18
5 33 5 3 20 2 3 18 19 20 3 2 3 5 10 3 18 19 3 5 33 15 2 3 19 3 26 20 33 3 6 3 15 3 2 8 2 7 30 29 30 32 8
8 22 2 19 2 4 5 19 31 35 36 9 32 31 29 42 32 11 40 39 38 34 36 35 34 43 35 34 37 35 38 13 28 9 39 38 34 38 43 35 29 7 35 36 29 35 29 5 15 4 3 15
4 19 5 2 20 6 5 2
10 20
3 2 30 7 1 8 1 6 5 19 18 23 10 8 3 2 3 18 2 32 29 36 35 34 43 38 34 9 35 36 3 2 19 4 33 4 5 14 2 18 23 18 19 3 33 3 5 27 5 3 4 3 14 22 3 10 5 24 25 24 25 24 3 26 22 21 11 34 38 34 36 43 35 36
3 22 27 3 19 24 18 3 5 6 5 20 10 2 3 8 11 38 13 16 11 43 9 28 10 9 38 35 31 30 32 11 13 43 35
2 5 33 27 2 3 2 15 19 3 5 19 23 19 5 2 5 14 4 2 14 3 22 19 3 12 2 14 15 4 13 11 21 3 2 6 5 3 19 4
4
32 31 30 10 3 5 33 4 2 4 5 2 3 6 15 20 2 18 19 3 5 33 3 32 11 16 38 43 40 42 41 31 32 11 8 43 11 1 9 13 7 42 20 26 3 14 19 6 15 33 2 5 4 35 11 32 19 5 10 30 5 2 5 4 3 36 29 11 35
36 35 13 38 39 9 43 38
10 11 12 5 4 29 2 18 3 2 32 30 31 6 3 15 4 5 3 22 19 17 2 19 22 20 2 33
2 19 31 30 29 35 36 43 35 34 36 38 35 43 38 35 31 6 1 2
22 15 5 19 36 34 43 35
19 3 2 5 2 3 7 11 32 30 31 32 11 3 2 3 14 1 10 5 19 2 5 3 22 19 2 18 2 3 19 4 33 15 2 3 27 2 20 28 5 15 33 15 2 12 3 6 19 8 19 3 10 32 21 3
1 16 13 43 38 35 36
2 19 3 2 8 28 3 5 14 18 19 20 3 14 5 18 19 2 3 20 15 19 4 3 11 43 11 35 38 41 31 19 14
10 23 18 23 18 5 30 41 38 11 16
18 13 16 28 2 10 15 1 11 7 9 36 38 34 35 43 38 11 2 8 19 4 19 20 2 5 2 18 2 3 4 5 33 20 3 19 4 19 21 3 33 15 14 22 10 7 9 16 7 41 32 30 32 29
4 20 17 20 14 37 7 11 8 25 32 31 32 11 8 3 14 19 12 8 10 19
19 20 10 5 3 4 5 1 14 2
19 10 20 15
23 3 14 2 18
2 22 14 28 3 33 2 19
6 3 2 18
3 14 27 14 18 19 18 5 6 2 3 20 42 39 41 39 41 32 36 13 16 13 4 19 5 6 2 19 3 9 11
4 10 5 3 33 5 2 12 3 14 24 2 5 3 20 19 33 15 20 28 5
3 19 4 19 5 30 31 30 32 8 22 14 11 8 25 32 35 36 34 36 19 5 2 3 22 21 19 22 10 5 20 14 15 3 33 15 10 20 28 9 13 16 10 29 36
38 34 38 40 41 39 38 11 8 10 5 10 28 10 5 3 2 3 10 3 5 19 3 4 2 5 3 14 3 19 22 3 4 20 19 2 12 16 19 4 19 18 19 17 3 10 14 2 20 3 5 3 11 30 11
18 19 6 5 27 33 5 3 20 17 18 2 5 19 17 20 2 19 22 33 19 20 21 19 5 19 5 20 5 2 4 33 4 19 14 8 28 3 14 28 8 10 11 43 36 38 35 38 39 31 6 21 6 4 3 24
20 3 2 5 27 33 5 2 14 15 2 22 3 2 15 14 3 18 2 24 2 15 33 3 1 12 7 36 35 9 39 41 42 32 29
5 15 33 2 18 3 14 3 22 10 2 5 19 35 32 36 34 35 43 36 38 39 9 1 3 10 11 9 39 29 7 36 34 36 7 12 18 4 33 31 38 39 36 42 41 42 7
33 2 3 2 19 5 2 3 22 5 4 3 2 3 2 33 5 19 3 19 3 19 3 20 17 21 6 4 5 3 14 20 19 3 5 10 12 1 12 11 38 16 12 11 25
33 3 24 25 11 29 31 41 7 29 41 31 29 35 38 43 11 7 8 2 5 3 20 5 19 5 2 3
3 22 19 3
20 5 18 25 19
12 38 35 36 39 29 10 36 35 9 39 41 31 30 32 2 19 5 19 12 10 23 10 5
14
19 22 20 3 28 26 3 2 12 3 5 4 33 3 15 19 26 28 20 19 5 1 5 3 5 19 2 3 22 19 18 3 19 18 5 3 22
3 14 5 12 5 4 19 3 7 30 19 5 10 19 5 2 3 5 4 6 5
5 33 5 2 19 18 19 21 17 20 19 21 19 3 4 15 3 5 18 19 3 2 14 3 2 1 5 20 3 2 8 19 35 31 29 39 9 43 38 34 36 43 38 43 9 16 11 38 43
2 14 2 19 4 19 8 43 38 16 13 38 36 35 36 38 36 38 11 13 9 28 2 33 15 20 19 31 34 43 11 32 30 32 11 9 39 43 39 38 9 1 3 14
18 2 3 18 3 2 12 3 19 33 5 10 19 3 20 2 11 32 35 31 35 36 35 36 7 16 36 35 43 9 35 36 29 32 29 41 29 36 19 22 14 2 7 19 5 18 23 18 2 19 5 10 32 29 35 36 34 9 36 7 29 35 36 43 38 36 38 35 43 11 32 31 30 10 15 33 22 3 2 8 12 11 38 29 9 35 36 35 43 9 39 38 41 38 41 32 11 36 38 35 9 39 42 38 43
8 25 24 3 2 15 2 19 14 28 8 2 33 31 35 36 35 43 38 43 35 43 11 38 13 7 38 31
19 3 5
4 5 33 3 8 9 35 43 36 35 36 7 11 38 36 35 36 37 14 12 11 35 38 35 43 36 43 16 9 35 7 31 43 36 11 43 38 7 3
24 2 19 18
19 3 20 21 17 19 3 14
41 36 29 7 36 35 36 38 34 3 19 3 27 5 19 22 19 20 2 19 18 19 18 5 14 18 19 18 2 8 28 2 3 28 2 18 2 19 38 43 38 39 41 42 41 31 7 11 7 8 11 37 11 21 20 3 2 5 1 12 3 5 14 3 33 3 2 5 4 33 2 19 18 23 10
19 3 5 10 3 2 5 2 3 5 3 20
19 10 38 43 11 16 12 8 2 3 23 22 20 18 24 14 5 10 30 19 20 19 2 20 14 15
35 34 9 39 40 41 30 29 28 13 28 5 4
5 19 10 14 19 3 1 3 5 3 33
3 12 22 3 18 2 11 43 38 35
3 22 14 1 2
3 26 28 3 4 19 5 10 22
3 19 4 33 4 3 17 2 15 3 19 18 17 4 19 18 23 22 26 14 4 19 22 3 6 19 6 5
20 15 3 1 5
33 5 19 30 32 36 34 7 8 11
21 19 3 4 5 29 38 11 8 5 4 5
3 2 3 11 37 29 30 31 7 24 25 19 18 5 3 19 6 21 6 5 33 3 6 19 3 33 3 15
3 4 5 3 33 19 5 3 21 32 29 42 38 36
26 20 26 14 20 33 27 5 10 5 33 2 19 5 3 19 5 3
3 7 35 43 11 34 38 35 36 13 28 10 29 42 38 43 7 39 38 43 34 36 16 35 9 13 36 35 34 35 19 17
10
10 3 18 3 14 3 20 2
3 20 5 4 19 36 29 7 11 43 36 35 38 39 7 16 3 19 3 2 22 3 2 3 20 19 14 22 3 19 6 4 2 19 22 26
1 13 38 39 41 36 38 11 32 35 13 43 38 16 28 13 38 16 8 43 9 28 22 3 4 2 22 3 5 2 31 35 32 11 32 11 36 34 43 9 11 29 42 29 7 11 32 36
18 19 10 19
3 17 3 5 19 20 5 6 4 33 5 3 6 19 5 3 2 22 2 3 19 22 14 3 2 18 2 29 32 9 30 31 19 32 3 5 19
32 30 11 38 16 28 2 20 22 3 24 2 20 22 20 3 5 19 2 19 8 19 18 19 5 27 26 22 14 20 5 14 2 5 3 2 33 19 3 28 3 5 3 2 33 5 19 20 3 33 5 4 3 32 30 32 3 10 19 4 5 3 15 2 5 15 14 22 14 19 38 35 43 34 38 40 41 36 7 32 11 36 43 35 36 35 34 31 9 38 36 38 29 41 42 31 30 7 31 29 35 43 9 43 34 11 9 43 39 41 38 8 25 19 3
19 5 20 19 22 2 33 3 10 4 3 8 3 18 23 19 14 33 3 14 3 20 19 3 2 3 5 3 5 3 2 5 6 5 32 8 10 5
5 3 36 10 4 19 4 19 22 20 22 28 13 38 35 32 41 32 7 38 43 11 2 5 19 3 17 2
2 11 10 23 5 3 20 5 18 19 2
20 3 20 22 14 3 2 19 31
4
18 3 20 42 29 20 22 3 2 5 3 2 3 15 5 3 5 12 11 8 14 3 2 12 1 12 2 5 19 36 29
3 4 3 33 2
20 4
20 3 4 14 22 20 3 4 5
19 5 2 12 3 5 6 5 19 18 4 2 8 19 18 2 15
5 2 30 11 5 3 36 39 38 36
24 14 19 22 3 21 22 26 20 19 3
2 18 2 18 19 18 5 2 33 5 2 10
19 5 4 19 3 12 1 14 4 33 5 4 20 19 31 38 40 39
19 35 9 3 20 28 14 3
6 15 2 10
20 3 2 3 2 3 22 3 22 3 19 2 11 3 14 22 2
17 4 5 10 2 5 19 33 22 20 22 3 21 3 5 18 2
3 11 9
20
10 5 19 5 1 3
20 17
19 4 3 5 10 5 19 18 4 5 10 2 10 14 2 33 20
2 3 22 18 5 3 11 9 30 31 19 4 3 4 2 12
18 23 5 4 5 4 3 11 8 32 35 11 3 6 15
20 22 2 4 14 3 33 22 14 22 3
8 5 28 2 5 2 5 1 7 35 38 35 36 38 9 43
3 19 17 2 3 5 20 19 3 5 19 31 6 3 10 11 38
22 8 25 8 18 3 4 3 4 18 19 6 1 7 35 34 36 38 35 34
36 7 1 3 2 5 20 22 26 3 20 3 33 5 3 8 43 35 29 35 38 42 39 38 9 32 9
19 23 5 19 8 2 3 14 2 31 30 11 30 32 31 41 38
2 24 14 3 19 5 8 25 5 19 4 3 22 3 19 4 19 18 23 18 3 10 22 2 32 3 6 19
19 35 37 34 37 7 29 32 21 32 11 32 11 36 9 43 35 9 11 43 34 11 3 5 8 43 38 16 13 36 29 31 9
4 6 19 6 3 24 5 4 2 1 11 43 11 32 35 36 19 20 3 5 3 4 5
10 2 18 17 19 5 8
4 3 5 2 5 19 4 20 5 19 18 19 33 15 2 20 22 3 19 3
19 22 19 3 8 25 8 11 9 34 35 34 35 11 3 4 19 3 2 33 5 20
29 41 30 31 32
5 3 14 3 4
33 5 3 5 10 3 2 18 5 3 2 4 3 10 8 11 36 13 18 3 14
3 20 5 19 3 2 17 19 2 33
20 5 3 2 19 3 14 22 12 19 3 24 25 8 2 4 33 4 33 3 11 38 36 34 11 8 1 5 2 33 3 2 3 5 3 2 3 2 5 4 5 15 22 20 4 19 3 10 29 30 32 21 11 8 19 31 32 30 10 5 3 19 5 2 3 2 5 12 18 5 14 2 19
19 18 5 10 5 19 22 2 4 17 2 3 5 10 1 12 1 9 13 28 2 28 2 3 33 3 5 2 28 3 19 5 33 5 3 9 11 29 31 41 29 38 40 39 42 7 8 12 14 4 3 6 5 15 3 19 8 32 31 35 31 30 32 11 32 30 42 39 43 11 7
3 10 2 8 9 11 8 9 12 19 3 22 3
18 17 3 4 5 3 22 3 2 24 3 20 5 3 33 2 5 3 6 19 31 30 2 5 20 2 5 28 3 2 15 4 5 4 18 2 18 2 10 2 14 18 19 3 19 12 3 4 19 6 21 22
3 4 2 33 5 3 5 33 4 19 35 29 41 39 41 31 30 41 29 7 29 36 43 11 21 22 28 3 20 19 4 33 5 29 30 5 33 3 5 18 3 6 19 18 2 5 2 22 2 18 19 21 17 4 5 3 6 4 3
3 2 22 19 18 19 6 4 3 27 2 14 10 5 20 3 2 19 5 3 22 27
33 3 19 4 3 10 1 7 31 32 29 30 32 41 29 38 19 3 20 5 6 19 5 33 3 6 19 4 3 20 21 3 5 10 14 11 38 36 35
2 5 3 1 12
18 2 5 2 24 2 10 15 20 2 3 5 19 18 2 3 10 5 3 5 19 10 36 34 3 22 19 3 5 3 5 3
3 5 20 28 13 16 12 11 9 31 30 7 39 40 38
27 3 2 8 10 3 5 22 3 20 22 2 8 11 8 32 41 29 5 2 15 3 1 15
22 20 4 14 2 3 20 3 4 19 4 5 20 2 3 4 17 2 3 5 3 2 12 7 11 36 31 35 19 3 7 12 13 36 35 38 43 38 35 34
31 29 7 42
3 7 29 41 40 38
25 8 19 38 7 16 10
14 12 3 5 33 19 3 15 33 3 24
20 29 7 31 34 38 11 7
20 19 22 19 2 5
15 3 5 8 10 19 10
15 3 19 20 4 5 14 22 23 19 14 2 5 3 18
2 10 14 3 5
3 14 2 3 28 20 5 2 5 18 19 4 19 3 5 2 29 42 29 5 4 18 19 36 43 34 38 39 42 32 2 19 35 38 29 7 11 8 19 3 2
19 3 2 19 6 21 2 10 4 5 10 2 19 4 3 22 3 5 33 3 19 20 14 12 3 2 22 21 2 22 3 14 3 5 35 36 38 36 29 28 2 19 3 15 4 13 38 13 43 35
3 17 20 22 3 10 5 2 3 6 3 5 3 5 3 19 18 19
1 14 19
11
5 12 3 33 3 22 19 2 22 28 3 12 14 22 5 3 33 20 5 11 14 2 3 21 19 5 33 3 14 2 3 19 12 2 14 8 14 2 3 15 2 11 38 36 35 38 36 42 40 39 38 36 35 43 38 43 9 7 1 11 43 38 12 2 18 2 15 5 2 24 14 19 16 9 42 9 35 11 12 11 35 9 1 6 2
4 3 19 5 3 35 37 29 42 7 34 43 11 43 9 30 11 8 2 20 3 10 3 22 20 3 5 2 20 3 2 3 14 2 3 20 3 10 2 3 22 21 2 3 2 3 5 2 3 33 4 20 5 10 16 43 11 10 3 5 15 33 5 10 11 5 3 2 15 3 19 2
2 5 2 5 2 5 2 14 3
20 19 5 33 3 14 22
19 20 5 4 3 5 2 5 19 17 20 3 2 3 1 11 12 38 9
5 3 2 5 29 31 9 38 9 43 8 18 5 2 5 3 2 4 19 20 4 5 4 1 4 3 20 19 22 2 4 5 20 19 6 19 21 6 15 22 2 6 3 6 5 2 12 2 14 20
33 15 22 5 3 4 19 2 3 9 38 13
36 34 43 11 21 3 20 19 3 2 30 29 36 43 36 34 38 35 38 39 9 43 9 41 29 32 8 43 9 34 37 14 19 22 27 3 4 6 5 4 5 6 19 17 2 27 3 22 14 2 19 5 19 6 19 12 1 10 4 19 6 15
12 11 9 38 36 29 42 29 7 11 2 14 26 28 10 5 4 29 5 10 5 35 38 9 28 8 2 5 2 10 3 5 4 5 2 17 20 22 23 22 12 16 36 35 43 9 8 35 34 43 9 38 35 34 43 11 16 8 32 3 4 3 2
28 14 20 3 19
